    6.08900E+02    1.17264E+00    3.09548E-01
    6.09000E+02    1.17228E+00    3.09659E-01
    6.09100E+02    1.17334E+00    3.09332E-01
    6.09200E+02    1.17302E+00    3.09432E-01
    6.09300E+02    1.17472E+00    3.08905E-01
    6.09400E+02    1.17871E+00    3.07677E-01
    6.09500E+02    1.18747E+00    3.04991E-01
    6.09600E+02    1.21257E+00    2.97431E-01
    6.09700E+02    1.35303E+00    2.58456E-01
    6.09800E+02    1.26508E+00    2.82216E-01
    6.09900E+02    1.20969E+00    2.98289E-01
    6.10000E+02    1.20464E+00    2.99799E-01
    6.10100E+02    1.22180E+00    2.94698E-01
    6.10200E+02    1.29205E+00    2.74707E-01
    6.10300E+02    1.47143E+00    2.29596E-01
    6.10400E+02    1.56709E+00    2.08651E-01
    6.10500E+02    1.26966E+00    2.80926E-01
    6.10600E+02    1.21143E+00    2.97771E-01
    6.10700E+02    1.19081E+00    3.03975E-01
    6.10800E+02    1.18342E+00    3.06230E-01
    6.10900E+02    1.18132E+00    3.06875E-01
    6.11000E+02    1.18712E+00    3.05098E-01
    6.11100E+02    1.20799E+00    2.98796E-01
    6.11200E+02    1.29067E+00    2.75087E-01
    6.11300E+02    1.49303E+00    2.24691E-01
    6.11400E+02    1.23305E+00    2.91403E-01
    6.11500E+02    1.18943E+00    3.04394E-01
    6.11600E+02    1.17405E+00    3.09113E-01
    6.11700E+02    1.16697E+00    3.11308E-01
    6.11800E+02    1.16273E+00    3.12630E-01
    6.11900E+02    1.16061E+00    3.13295E-01
    6.12000E+02    1.15971E+00    3.13576E-01
    6.12100E+02    1.15920E+00    3.13738E-01
    6.12200E+02    1.15945E+00    3.13660E-01
    6.12300E+02    1.16080E+00    3.13234E-01
    6.12400E+02    1.16659E+00    3.11428E-01
    6.12500E+02    1.16208E+00    3.12836E-01
    6.12600E+02    1.16274E+00    3.12627E-01
    6.12700E+02    1.16407E+00    3.12212E-01
    6.12800E+02    1.16573E+00    3.11696E-01
    6.12900E+02    1.16775E+00    3.11065E-01
    6.13000E+02    1.17023E+00    3.10297E-01
    6.13100E+02    1.17225E+00    3.09669E-01
    6.13200E+02    1.17474E+00    3.08899E-01
    6.13300E+02    1.17757E+00    3.08025E-01
    6.13400E+02    1.18063E+00    3.07084E-01
    6.13500E+02    1.18396E+00    3.06064E-01
    6.13600E+02    1.18759E+00    3.04955E-01
    6.13700E+02    1.19152E+00    3.03758E-01
    6.13800E+02    1.19576E+00    3.02475E-01
    6.13900E+02    1.20035E+00    3.01089E-01
    6.14000E+02    1.20536E+00    2.99583E-01
    6.14100E+02    1.21104E+00    2.97886E-01
    6.14200E+02    1.21671E+00    2.96204E-01
    6.14300E+02    1.22316E+00    2.94300E-01
    6.14400E+02    1.23073E+00    2.92078E-01
    6.14500E+02    1.24017E+00    2.89336E-01
    6.14600E+02    1.25444E+00    2.85236E-01
    6.14700E+02    1.29136E+00    2.74896E-01
    6.14800E+02    1.37874E+00    2.51896E-01
    6.14900E+02    1.28745E+00    2.75975E-01
    6.15000E+02    1.28245E+00    2.77357E-01
    6.15100E+02    1.28697E+00    2.76105E-01
    6.15200E+02    1.29484E+00    2.73941E-01
    6.15300E+02    1.30514E+00    2.71134E-01
    6.15400E+02    1.31486E+00    2.68513E-01
    6.15500E+02    1.32636E+00    2.65440E-01
    6.15600E+02    1.33883E+00    2.62152E-01
    6.15700E+02    1.35233E+00    2.58636E-01
    6.15800E+02    1.36695E+00    2.54882E-01
    6.15900E+02    1.38286E+00    2.50861E-01
    6.16000E+02    1.40045E+00    2.46485E-01
    6.16100E+02    1.42087E+00    2.41503E-01
    6.16200E+02    1.44981E+00    2.34614E-01
    6.16300E+02    1.50601E+00    2.21794E-01
    6.16400E+02    1.48509E+00    2.26482E-01
    6.16500E+02    1.50166E+00    2.22760E-01
    6.16600E+02    1.52390E+00    2.17861E-01
    6.16700E+02    1.54912E+00    2.12434E-01
    6.16800E+02    1.57669E+00    2.06658E-01
    6.16900E+02    1.60671E+00    2.00547E-01
    6.17000E+02    1.63936E+00    1.94103E-01
    6.17100E+02    1.67552E+00    1.87211E-01
    6.17200E+02    1.71844E+00    1.79345E-01
    6.17300E+02    1.82144E+00    1.61792E-01
    6.17400E+02    1.81517E+00    1.62811E-01
    6.17500E+02    1.84366E+00    1.58238E-01
    6.17600E+02    1.89142E+00    1.50858E-01
    6.17700E+02    1.94540E+00    1.42930E-01
    6.17800E+02    2.00271E+00    1.34969E-01
    6.17900E+02    2.06609E+00    1.26680E-01
    6.18000E+02    2.13521E+00    1.18220E-01
    6.18100E+02    2.21051E+00    1.09644E-01
    6.18200E+02    2.29292E+00    1.00971E-01
    6.18300E+02    2.38181E+00    9.23828E-02
    6.18400E+02    2.47913E+00    8.38161E-02
    6.18500E+02    2.58551E+00    7.53579E-02
    6.18600E+02    2.70174E+00    6.70888E-02
    6.18700E+02    2.82894E+00    5.90752E-02
    6.18800E+02    2.96814E+00    5.13986E-02
    6.18900E+02    3.12089E+00    4.41179E-02
    6.19000E+02    3.28696E+00    3.73672E-02
    6.19100E+02    3.46908E+00    3.11456E-02
    6.19200E+02    3.66787E+00    2.55309E-02
    6.19300E+02    3.88490E+00    2.05499E-02
    6.19400E+02    4.12116E+00    1.62257E-02
    6.19500E+02    4.37752E+00    1.25564E-02
    6.19600E+02    4.65391E+00    9.52425E-03
    6.19700E+02    4.94998E+00    7.08352E-03
    6.19800E+02    5.26502E+00    5.16928E-03
    6.19900E+02    5.59699E+00    3.70901E-03
    6.20000E+02    5.94189E+00    2.62706E-03
    6.20100E+02    6.29052E+00    1.85380E-03
    6.20200E+02    6.63597E+00    1.31230E-03
    6.20300E+02    6.96807E+00    9.41468E-04
    6.20400E+02    7.27379E+00    6.93478E-04
    6.20500E+02    7.54287E+00    5.29873E-04
    6.20600E+02    7.79492E+00    4.11821E-04
    6.20700E+02    8.20465E+00    2.73378E-04
    6.20800E+02    8.17895E+00    2.80496E-04
    6.20900E+02    7.70928E+00    4.48643E-04
    6.21000E+02    7.33275E+00    6.53775E-04
    6.21100E+02    7.00157E+00    9.10451E-04
    6.21200E+02    6.66004E+00    1.28110E-03
    6.21300E+02    6.30868E+00    1.82043E-03
    6.21400E+02    5.95617E+00    2.58982E-03
    6.21500E+02    5.60967E+00    3.66229E-03
    6.21600E+02    5.27553E+00    5.11523E-03
    6.21700E+02    4.96043E+00    7.00989E-03
    6.21800E+02    4.65750E+00    9.49019E-03
    6.21900E+02    4.37753E+00    1.25563E-02
    6.22000E+02    4.11799E+00    1.62772E-02
    6.22100E+02    3.87870E+00    2.06776E-02
    6.22200E+02    3.65894E+00    2.57598E-02
    6.22300E+02    3.45518E+00    3.15818E-02
    6.22400E+02    3.26930E+00    3.80331E-02
    6.22500E+02    3.09918E+00    4.50863E-02
    6.22600E+02    2.94343E+00    5.26845E-02
    6.22700E+02    2.80092E+00    6.07541E-02
    6.22800E+02    2.67048E+00    6.92193E-02
    6.22900E+02    2.55116E+00    7.79914E-02
    6.23000E+02    2.44188E+00    8.69975E-02
    6.23100E+02    2.34194E+00    9.61411E-02
    6.23200E+02    2.25096E+00    1.05298E-01
    6.23300E+02    2.16885E+00    1.14309E-01
    6.23400E+02    2.09674E+00    1.22857E-01
    6.23500E+02    2.03994E+00    1.30036E-01
    6.23600E+02    2.02804E+00    1.31593E-01
    6.23700E+02    2.24448E+00    1.05982E-01
    6.23800E+02    1.88508E+00    1.51817E-01
    6.23900E+02    1.79259E+00    1.66528E-01
    6.24000E+02    1.73001E+00    1.77282E-01
    6.24100E+02    1.67715E+00    1.86906E-01
    6.24200E+02    1.63046E+00    1.95840E-01
    6.24300E+02    1.58812E+00    2.04310E-01
    6.24400E+02    1.54879E+00    2.12506E-01
    6.24500E+02    1.51239E+00    2.20383E-01
    6.24600E+02    1.47855E+00    2.27968E-01
    6.24700E+02    1.44701E+00    2.35273E-01
    6.24800E+02    1.41760E+00    2.42295E-01
    6.24900E+02    1.39017E+00    2.49033E-01
    6.25000E+02    1.36506E+00    2.55366E-01
    6.25100E+02    1.34239E+00    2.61222E-01
    6.25200E+02    1.32302E+00    2.66331E-01
    6.25300E+02    1.31768E+00    2.67755E-01
    6.25400E+02    1.32526E+00    2.65734E-01
    6.25500E+02    1.26468E+00    2.82330E-01
    6.25600E+02    1.23903E+00    2.89664E-01
    6.25700E+02    1.21836E+00    2.95714E-01
    6.25800E+02    1.20058E+00    3.01019E-01
    6.25900E+02    1.18515E+00    3.05702E-01
    6.26000E+02    1.16808E+00    3.10964E-01
    6.26100E+02    1.15325E+00    3.15609E-01
    6.26200E+02    1.13915E+00    3.20091E-01
    6.26300E+02    1.12601E+00    3.24326E-01
    6.26400E+02    1.11340E+00    3.28439E-01
    6.26500E+02    1.10165E+00    3.32323E-01
    6.26600E+02    1.09054E+00    3.36034E-01
    6.26700E+02    1.08010E+00    3.39561E-01
    6.26800E+02    1.06919E+00    3.43286E-01
    6.26900E+02    1.05940E+00    3.46665E-01
    6.27000E+02    1.05025E+00    3.49850E-01
    6.27100E+02    1.04145E+00    3.52943E-01
    6.27200E+02    1.03340E+00    3.55796E-01
    6.27300E+02    1.02583E+00    3.58500E-01
    6.27400E+02    1.01911E+00    3.60915E-01
    6.27500E+02    1.01299E+00    3.63131E-01
    6.27600E+02    1.00847E+00    3.64776E-01
    6.27700E+02    1.00741E+00    3.65162E-01
    6.27800E+02    1.00170E+00    3.67253E-01
    6.27900E+02    9.87349E-01    3.72563E-01
    6.28000E+02    9.77200E-01    3.76363E-01
    6.28100E+02    9.68733E-01    3.79564E-01
    6.28200E+02    9.63640E-01    3.81502E-01
    6.28300E+02    9.58954E-01    3.83294E-01
    6.28400E+02    9.46638E-01    3.88044E-01
    6.28500E+02    9.39312E-01    3.90897E-01
    6.28600E+02    9.32841E-01    3.93434E-01
    6.28700E+02    9.26788E-01    3.95823E-01
    6.28800E+02    9.21078E-01    3.98090E-01
    6.28900E+02    9.16078E-01    4.00085E-01
    6.29000E+02    9.10285E-01    4.02409E-01
    6.29100E+02    9.04994E-01    4.04544E-01
    6.29200E+02    9.00005E-01    4.06568E-01
    6.29300E+02    8.95295E-01    4.08487E-01
    6.29400E+02    8.90918E-01    4.10279E-01
    6.29500E+02    8.86248E-01    4.12200E-01
    6.29600E+02    8.82017E-01    4.13947E-01
    6.29700E+02    8.78333E-01    4.15475E-01
    6.29800E+02    8.73615E-01    4.17440E-01
    6.29900E+02    8.69646E-01    4.19100E-01
    6.30000E+02    8.66438E-01    4.20446E-01
    6.30100E+02    8.63429E-01    4.21714E-01
    6.30200E+02    8.58384E-01    4.23846E-01
    6.30300E+02    8.54774E-01    4.25379E-01
    6.30400E+02    8.51450E-01    4.26796E-01
    6.30500E+02    8.47940E-01    4.28297E-01
    6.30600E+02    8.44815E-01    4.29637E-01
    6.30700E+02    8.41640E-01    4.31003E-01
    6.30800E+02    8.38456E-01    4.32377E-01
    6.30900E+02    8.35475E-01    4.33668E-01
    6.31000E+02    8.32687E-01    4.34879E-01
    6.31100E+02    8.30124E-01    4.35995E-01
    6.31200E+02    8.27751E-01    4.37031E-01
    6.31300E+02    8.25027E-01    4.38223E-01
    6.31400E+02    8.22851E-01    4.39178E-01
    6.31500E+02    8.20979E-01    4.40001E-01
    6.31600E+02    8.19555E-01    4.40628E-01
    6.31700E+02    8.19047E-01    4.40852E-01
    6.31800E+02    8.20290E-01    4.40304E-01
    6.31900E+02    8.24593E-01    4.38413E-01
    6.32000E+02    8.35728E-01    4.33559E-01
    6.32100E+02    8.86830E-01    4.11960E-01
    6.32200E+02    1.02342E+00    3.59365E-01
    6.32300E+02    8.46937E-01    4.28726E-01
    6.32400E+02    8.17584E-01    4.41497E-01
    6.32500E+02    8.06078E-01    4.46606E-01
    6.32600E+02    7.99707E-01    4.49461E-01
    6.32700E+02    7.95390E-01    4.51405E-01
    6.32800E+02    7.92277E-01    4.52813E-01
    6.32900E+02    7.89946E-01    4.53869E-01
    6.33000E+02    7.88082E-01    4.54716E-01
    6.33100E+02    7.87125E-01    4.55152E-01
    6.33200E+02    7.89112E-01    4.54248E-01
    6.33300E+02    8.01968E-01    4.48445E-01
    6.33400E+02    8.03141E-01    4.47920E-01
    6.33500E+02    7.83703E-01    4.56711E-01
    6.33600E+02    7.80469E-01    4.58191E-01
    6.33700E+02    7.76235E-01    4.60135E-01
    6.33800E+02    7.75190E-01    4.60616E-01
    6.33900E+02    7.74901E-01    4.60749E-01
    6.34000E+02    7.75903E-01    4.60288E-01
    6.34100E+02    7.78881E-01    4.58919E-01
    6.34200E+02    7.87644E-01    4.54915E-01
    6.34300E+02    8.14192E-01    4.42997E-01
    6.34400E+02    9.17099E-01    3.99677E-01
    6.34500E+02    1.00242E+00    3.66991E-01
    6.34600E+02    8.21275E-01    4.39871E-01
    6.34700E+02    7.83342E-01    4.56877E-01
    6.34800E+02    7.68433E-01    4.63739E-01
    6.34900E+02    7.60542E-01    4.67413E-01
    6.35000E+02    7.55442E-01    4.69803E-01
    6.35100E+02    7.51751E-01    4.71540E-01
    6.35200E+02    7.48860E-01    4.72905E-01
    6.35300E+02    7.47137E-01    4.73721E-01
    6.35400E+02    7.44192E-01    4.75118E-01
    6.35500E+02    7.42113E-01    4.76107E-01
    6.35600E+02    7.40251E-01    4.76994E-01
    6.35700E+02    7.38482E-01    4.77839E-01
    6.35800E+02    7.36841E-01    4.78624E-01
    6.35900E+02    7.35230E-01    4.79395E-01
    6.36000E+02    7.33797E-01    4.80082E-01
    6.36100E+02    7.32995E-01    4.80468E-01
    6.36200E+02    7.31044E-01    4.81406E-01
    6.36300E+02    7.29493E-01    4.82153E-01
    6.36400E+02    7.28305E-01    4.82727E-01
    6.36500E+02    7.26822E-01    4.83443E-01
    6.36600E+02    7.25648E-01    4.84011E-01
    6.36700E+02    7.24641E-01    4.84498E-01
    6.36800E+02    7.23085E-01    4.85253E-01
    6.36900E+02    7.21895E-01    4.85831E-01
    6.37000E+02    7.20854E-01    4.86337E-01
    6.37100E+02    7.19634E-01    4.86930E-01
    6.37200E+02    7.18541E-01    4.87463E-01
    6.37300E+02    7.17540E-01    4.87951E-01
    6.37400E+02    7.16588E-01    4.88416E-01
    6.37500E+02    7.15734E-01    4.88833E-01
    6.37600E+02    7.15005E-01    4.89190E-01
    6.37700E+02    7.14089E-01    4.89638E-01
    6.37800E+02    7.13490E-01    4.89931E-01
    6.37900E+02    7.13025E-01    4.90159E-01
    6.38000E+02    7.12603E-01    4.90366E-01
    6.38100E+02    7.12500E-01    4.90417E-01
    6.38200E+02    7.12891E-01    4.90225E-01
    6.38300E+02    7.14121E-01    4.89623E-01
    6.38400E+02    7.16652E-01    4.88385E-01
    6.38500E+02    7.23444E-01    4.85079E-01
    6.38600E+02    7.29956E-01    4.81930E-01
    6.38700E+02    7.45954E-01    4.74282E-01
    6.38800E+02    8.04530E-01    4.47298E-01
    6.38900E+02    1.36346E+00    2.55775E-01
    6.39000E+02    8.10144E-01    4.44794E-01
    6.39100E+02    7.43969E-01    4.75224E-01
    6.39200E+02    7.23127E-01    4.85232E-01
    6.39300E+02    7.15479E-01    4.88958E-01
    6.39400E+02    7.09803E-01    4.91741E-01
    6.39500E+02    7.05647E-01    4.93789E-01
    6.39600E+02    7.03594E-01    4.94804E-01
    6.39700E+02    7.01475E-01    4.95853E-01
    6.39800E+02    7.01723E-01    4.95731E-01
    6.39900E+02    7.05115E-01    4.94052E-01
    6.40000E+02    7.21073E-01    4.86230E-01
    6.40100E+02    8.45660E-01    4.29274E-01
    6.40200E+02    7.17301E-01    4.88068E-01
    6.40300E+02    7.23068E-01    4.85261E-01
    6.40400E+02    6.98865E-01    4.97149E-01
    6.40500E+02    6.92869E-01    5.00139E-01
    6.40600E+02    6.91167E-01    5.00991E-01
    6.40700E+02    6.88253E-01    5.02453E-01
    6.40800E+02    6.87031E-01    5.03068E-01
    6.40900E+02    6.86034E-01    5.03569E-01
    6.41000E+02    6.85313E-01    5.03932E-01
    6.41100E+02    6.84874E-01    5.04154E-01
    6.41200E+02    6.85019E-01    5.04081E-01
    6.41300E+02    6.85612E-01    5.03782E-01
    6.41400E+02    6.88550E-01    5.02304E-01
    6.41500E+02    7.05344E-01    4.93938E-01
    6.41600E+02    6.96206E-01    4.98473E-01
    6.41700E+02    6.88562E-01    5.02298E-01
    6.41800E+02    6.87672E-01    5.02745E-01
    6.41900E+02    6.90254E-01    5.01449E-01
    6.42000E+02    6.94914E-01    4.99117E-01
    6.42100E+02    7.07322E-01    4.92962E-01
    6.42200E+02    7.41115E-01    4.76582E-01
    6.42300E+02    8.92137E-01    4.09779E-01
    6.42400E+02    8.88754E-01    4.11168E-01
    6.42500E+02    7.38039E-01    4.78050E-01
    6.42600E+02    7.03776E-01    4.94714E-01
    6.42700E+02    6.90019E-01    5.01566E-01
    6.42800E+02    6.82937E-01    5.05131E-01
    6.42900E+02    6.78832E-01    5.07209E-01
    6.43000E+02    6.76233E-01    5.08529E-01
    6.43100E+02    6.74559E-01    5.09381E-01
    6.43200E+02    6.73638E-01    5.09851E-01
    6.43300E+02    6.73958E-01    5.09687E-01
    6.43400E+02    6.72329E-01    5.10518E-01
    6.43500E+02    6.71880E-01    5.10747E-01
    6.43600E+02    6.69711E-01    5.11856E-01
    6.43700E+02    6.68140E-01    5.12661E-01
    6.43800E+02    6.67441E-01    5.13020E-01
    6.43900E+02    6.67132E-01    5.13178E-01
    6.44000E+02    6.67307E-01    5.13088E-01
    6.44100E+02    6.67682E-01    5.12896E-01
    6.44200E+02    6.68394E-01    5.12531E-01
    6.44300E+02    6.70399E-01    5.11504E-01
    6.44400E+02    6.74689E-01    5.09315E-01
    6.44500E+02    6.82845E-01    5.05178E-01
    6.44600E+02    7.00708E-01    4.96234E-01
    6.44700E+02    7.54667E-01    4.70167E-01
    6.44800E+02    1.21835E+00    2.95718E-01
    6.44900E+02    7.64274E-01    4.65672E-01
    6.45000E+02    7.00519E-01    4.96328E-01
    6.45100E+02    6.81289E-01    5.05964E-01
    6.45200E+02    6.72524E-01    5.10419E-01
    6.45300E+02    6.69840E-01    5.11791E-01
    6.45400E+02    6.72186E-01    5.10591E-01
    6.45500E+02    6.69453E-01    5.11989E-01
    6.45600E+02    6.86362E-01    5.03404E-01
    6.45700E+02    7.14526E-01    4.89424E-01
    6.45800E+02    6.69018E-01    5.12211E-01
    6.45900E+02    6.64195E-01    5.14688E-01
    6.46000E+02    6.63093E-01    5.15255E-01
    6.46100E+02    6.57088E-01    5.18359E-01
    6.46200E+02    6.55668E-01    5.19095E-01
    6.46300E+02    6.58424E-01    5.17666E-01
    6.46400E+02    6.55448E-01    5.19209E-01
    6.46500E+02    6.56014E-01    5.18916E-01
    6.46600E+02    6.52714E-01    5.20631E-01
    6.46700E+02    6.51943E-01    5.21032E-01
    6.46800E+02    6.51406E-01    5.21312E-01
    6.46900E+02    6.51810E-01    5.21101E-01
    6.47000E+02    6.52197E-01    5.20900E-01
    6.47100E+02    6.53630E-01    5.20154E-01
    6.47200E+02    6.55670E-01    5.19094E-01
    6.47300E+02    6.59183E-01    5.17274E-01
    6.47400E+02    6.62192E-01    5.15720E-01
    6.47500E+02    6.70150E-01    5.11632E-01
    6.47600E+02    6.85641E-01    5.03767E-01
    6.47700E+02    7.25803E-01    4.83936E-01
    6.47800E+02    9.33674E-01    3.93107E-01
    6.47900E+02    8.48661E-01    4.27988E-01
    6.48000E+02    7.09620E-01    4.91831E-01
    6.48100E+02    6.74900E-01    5.09207E-01
    6.48200E+02    6.60669E-01    5.16506E-01
    6.48300E+02    6.53410E-01    5.20268E-01
    6.48400E+02    6.49159E-01    5.22485E-01
    6.48500E+02    6.46368E-01    5.23945E-01
    6.48600E+02    6.44118E-01    5.25125E-01
    6.48700E+02    6.42600E-01    5.25923E-01
    6.48800E+02    6.41608E-01    5.26445E-01
    6.48900E+02    6.40581E-01    5.26986E-01
    6.49000E+02    6.39697E-01    5.27452E-01
    6.49100E+02    6.39464E-01    5.27575E-01
    6.49200E+02    6.38769E-01    5.27942E-01
    6.49300E+02    6.38117E-01    5.28286E-01
    6.49400E+02    6.37564E-01    5.28578E-01
    6.49500E+02    6.37235E-01    5.28752E-01
    6.49600E+02    6.36994E-01    5.28880E-01
    6.49700E+02    6.36858E-01    5.28952E-01
    6.49800E+02    6.36910E-01    5.28924E-01
    6.49900E+02    6.37005E-01    5.28874E-01
    6.50000E+02    6.37567E-01    5.28577E-01
    6.50100E+02    6.37618E-01    5.28550E-01
    6.50200E+02    6.38223E-01    5.28230E-01
    6.50300E+02    6.39189E-01    5.27720E-01
    6.50400E+02    6.41012E-01    5.26759E-01
    6.50500E+02    6.45406E-01    5.24450E-01
    6.50600E+02    6.52806E-01    5.20583E-01
    6.50700E+02    6.91922E-01    5.00613E-01
    6.50800E+02    6.71269E-01    5.11059E-01
    6.50900E+02    6.56288E-01    5.18773E-01
    6.51000E+02    6.56674E-01    5.18573E-01
    6.51100E+02    6.62961E-01    5.15323E-01
    6.51200E+02    6.78493E-01    5.07381E-01
    6.51300E+02    7.15962E-01    4.88722E-01
    6.51400E+02    8.45334E-01    4.29414E-01
    6.51500E+02    1.17902E+00    3.07579E-01
    6.51600E+02    8.72841E-01    4.17763E-01
    6.51700E+02    7.20010E-01    4.86748E-01
    6.51800E+02    6.84388E-01    5.04399E-01
    6.51900E+02    6.62535E-01    5.15543E-01
    6.52000E+02    6.52360E-01    5.20815E-01
    6.52100E+02    6.47542E-01    5.23331E-01
    6.52200E+02    6.47844E-01    5.23173E-01
    6.52300E+02    6.45527E-01    5.24386E-01
    6.52400E+02    6.40548E-01    5.27004E-01
    6.52500E+02    6.39224E-01    5.27702E-01
    6.52600E+02    6.38836E-01    5.27907E-01
    6.52700E+02    6.38974E-01    5.27834E-01
    6.52800E+02    6.40032E-01    5.27275E-01
    6.52900E+02    6.40506E-01    5.27025E-01
    6.53000E+02    6.41870E-01    5.26307E-01
    6.53100E+02    6.44127E-01    5.25121E-01
    6.53200E+02    6.47566E-01    5.23318E-01
    6.53300E+02    6.53086E-01    5.20437E-01
    6.53400E+02    6.63579E-01    5.15005E-01
    6.53500E+02    6.80665E-01    5.06280E-01
    6.53600E+02    7.16069E-01    4.88670E-01
    6.53700E+02    8.62326E-01    4.22179E-01
    6.53800E+02    9.79945E-01    3.75332E-01
    6.53900E+02    7.41843E-01    4.76235E-01
    6.54000E+02    6.98194E-01    4.97483E-01
    6.54100E+02    6.86688E-01    5.03240E-01
    6.54200E+02    6.86402E-01    5.03384E-01
    6.54300E+02    6.93748E-01    4.99699E-01
    6.54400E+02    7.10803E-01    4.91250E-01
    6.54500E+02    7.45359E-01    4.74564E-01
    6.54600E+02    8.30112E-01    4.36000E-01
    6.54700E+02    1.32152E+00    2.66729E-01
    6.54800E+02    1.13435E+00    3.21630E-01
    6.54900E+02    1.17447E+00    3.08981E-01
    6.55000E+02    1.59687E+00    2.02530E-01
    6.55100E+02    1.49753E+00    2.23683E-01
    6.55200E+02    1.89446E+00    1.50399E-01
    6.55300E+02    1.67880E+00    1.86598E-01
    6.55400E+02    9.76606E-01    3.76587E-01
    6.55500E+02    9.44212E-01    3.88986E-01
    6.55600E+02    1.53016E+00    2.16501E-01
    6.55700E+02    9.77233E-01    3.76351E-01
    6.55800E+02    1.04578E+00    3.51417E-01
    6.55900E+02    1.41224E+00    2.43597E-01
    6.56000E+02    1.72025E+00    1.79022E-01
    6.56100E+02    1.08703E+00    3.37215E-01
    6.56200E+02    1.40337E+00    2.45766E-01
    6.56300E+02    1.27252E+00    2.80125E-01
    6.56400E+02    1.52954E+00    2.16635E-01
    6.56500E+02    1.11934E+00    3.26495E-01
    6.56600E+02    8.25485E-01    4.38022E-01
    6.56700E+02    7.48621E-01    4.73018E-01
    6.56800E+02    7.10469E-01    4.91414E-01
    6.56900E+02    6.89137E-01    5.02009E-01
    6.57000E+02    6.76803E-01    5.08239E-01
    6.57100E+02    6.69484E-01    5.11972E-01
    6.57200E+02    6.64195E-01    5.14688E-01
    6.57300E+02    6.62718E-01    5.15449E-01
    6.57400E+02    6.70906E-01    5.11245E-01
    6.57500E+02    7.54368E-01    4.70308E-01
    6.57600E+02    6.78199E-01    5.07530E-01
    6.57700E+02    6.64663E-01    5.14447E-01
    6.57800E+02    6.67173E-01    5.13157E-01
    6.57900E+02    6.91286E-01    5.00931E-01
    6.58000E+02    8.32131E-01    4.35121E-01
    6.58100E+02    7.65886E-01    4.64922E-01
    6.58200E+02    6.76313E-01    5.08488E-01
    6.58300E+02    6.54114E-01    5.19903E-01
    6.58400E+02    6.44742E-01    5.24798E-01
    6.58500E+02    6.40617E-01    5.26967E-01
    6.58600E+02    6.38961E-01    5.27841E-01
    6.58700E+02    6.42349E-01    5.26055E-01
    6.58800E+02    6.86642E-01    5.03263E-01
    6.58900E+02    6.43697E-01    5.25346E-01
    6.59000E+02    6.32941E-01    5.31028E-01
    6.59100E+02    6.37580E-01    5.28570E-01
    6.59200E+02    6.26649E-01    5.34380E-01
    6.59300E+02    6.23565E-01    5.36030E-01
    6.59400E+02    6.21996E-01    5.36872E-01
    6.59500E+02    6.20875E-01    5.37474E-01
    6.59600E+02    6.19489E-01    5.38220E-01
    6.59700E+02    6.18523E-01    5.38739E-01
    6.59800E+02    6.17739E-01    5.39162E-01
    6.59900E+02    6.17157E-01    5.39476E-01
    6.60000E+02    6.16452E-01    5.39856E-01
    6.60100E+02    6.16104E-01    5.40044E-01
    6.60200E+02    6.15615E-01    5.40309E-01
    6.60300E+02    6.15055E-01    5.40611E-01
    6.60400E+02    6.14705E-01    5.40801E-01
    6.60500E+02    6.14519E-01    5.40901E-01
    6.60600E+02    6.14494E-01    5.40915E-01
    6.60700E+02    6.14684E-01    5.40812E-01
    6.60800E+02    6.15181E-01    5.40543E-01
    6.60900E+02    6.16268E-01    5.39956E-01
    6.61000E+02    6.18219E-01    5.38903E-01
    6.61100E+02    6.21270E-01    5.37262E-01
    6.61200E+02    6.27897E-01    5.33713E-01
    6.61300E+02    6.45793E-01    5.24247E-01
    6.61400E+02    7.22405E-01    4.85583E-01
    6.61500E+02    7.60192E-01    4.67576E-01
    6.61600E+02    6.50599E-01    5.21733E-01
    6.61700E+02    6.28053E-01    5.33630E-01
    6.61800E+02    6.19658E-01    5.38128E-01
    6.61900E+02    6.15508E-01    5.40366E-01
    6.62000E+02    6.13105E-01    5.41666E-01
    6.62100E+02    6.11550E-01    5.42509E-01
    6.62200E+02    6.10485E-01    5.43087E-01
    6.62300E+02    6.09726E-01    5.43500E-01
    6.62400E+02    6.09283E-01    5.43740E-01
    6.62500E+02    6.08731E-01    5.44041E-01
    6.62600E+02    6.08505E-01    5.44164E-01
    6.62700E+02    6.08842E-01    5.43980E-01
    6.62800E+02    6.13793E-01    5.41294E-01
    6.62900E+02    6.09129E-01    5.43824E-01
    6.63000E+02    6.07714E-01    5.44594E-01
    6.63100E+02    6.07261E-01    5.44841E-01
    6.63200E+02    6.06960E-01    5.45005E-01
    6.63300E+02    6.06745E-01    5.45123E-01
    6.63400E+02    6.06635E-01    5.45182E-01
    6.63500E+02    6.06578E-01    5.45213E-01
    6.63600E+02    6.06728E-01    5.45132E-01
    6.63700E+02    6.06819E-01    5.45082E-01
    6.63800E+02    6.06715E-01    5.45138E-01
    6.63900E+02    6.06794E-01    5.45096E-01
    6.64000E+02    6.07012E-01    5.44977E-01
    6.64100E+02    6.06999E-01    5.44984E-01
    6.64200E+02    6.07328E-01    5.44805E-01
    6.64300E+02    6.08026E-01    5.44424E-01
    6.64400E+02    6.10109E-01    5.43291E-01
    6.64500E+02    6.22218E-01    5.36753E-01
    6.64600E+02    6.10294E-01    5.43191E-01
    6.64700E+02    6.09750E-01    5.43487E-01
    6.64800E+02    6.10282E-01    5.43198E-01
    6.64900E+02    6.11495E-01    5.42539E-01
    6.65000E+02    6.14289E-01    5.41025E-01
    6.65100E+02    6.17388E-01    5.39352E-01
    6.65200E+02    6.22854E-01    5.36411E-01
    6.65300E+02    6.25114E-01    5.35200E-01
    6.65400E+02    6.37729E-01    5.28491E-01
    6.65500E+02    6.63013E-01    5.15297E-01
    6.65600E+02    7.53518E-01    4.70708E-01
    6.65700E+02    9.96005E-01    3.69352E-01
    6.65800E+02    7.05643E-01    4.93791E-01
    6.65900E+02    6.60673E-01    5.16503E-01
    6.66000E+02    6.36123E-01    5.29341E-01
    6.66100E+02    6.31666E-01    5.31705E-01
    6.66200E+02    6.32915E-01    5.31042E-01
    6.66300E+02    6.35705E-01    5.29562E-01
    6.66400E+02    6.34161E-01    5.30380E-01
    6.66500E+02    6.55349E-01    5.19261E-01
    6.66600E+02    7.73500E-01    4.61395E-01
    6.66700E+02    6.98210E-01    4.97475E-01
    6.66800E+02    6.51222E-01    5.21408E-01
    6.66900E+02    6.26523E-01    5.34447E-01
    6.67000E+02    6.20706E-01    5.37565E-01
    6.67100E+02    6.18540E-01    5.38730E-01
    6.67200E+02    6.14436E-01    5.40946E-01
    6.67300E+02    6.16636E-01    5.39757E-01
    6.67400E+02    6.19110E-01    5.38424E-01
    6.67500E+02    6.19187E-01    5.38382E-01
    6.67600E+02    6.12636E-01    5.41920E-01
    6.67700E+02    6.23042E-01    5.36311E-01
    6.67800E+02    6.14032E-01    5.41165E-01
    6.67900E+02    6.19394E-01    5.38271E-01
    6.68000E+02    6.11172E-01    5.42714E-01
    6.68100E+02    6.08935E-01    5.43930E-01
    6.68200E+02    6.08408E-01    5.44217E-01
    6.68300E+02    6.08290E-01    5.44281E-01
    6.68400E+02    6.08388E-01    5.44227E-01
    6.68500E+02    6.08614E-01    5.44105E-01
    6.68600E+02    6.08891E-01    5.43954E-01
    6.68700E+02    6.09333E-01    5.43713E-01
    6.68800E+02    6.09921E-01    5.43394E-01
    6.68900E+02    6.10705E-01    5.42968E-01
    6.69000E+02    6.11744E-01    5.42404E-01
    6.69100E+02    6.13149E-01    5.41642E-01
    6.69200E+02    6.15124E-01    5.40574E-01
    6.69300E+02    6.18035E-01    5.39002E-01
    6.69400E+02    6.22686E-01    5.36501E-01
    6.69500E+02    6.31193E-01    5.31957E-01
    6.69600E+02    6.50863E-01    5.21596E-01
    6.69700E+02    6.84497E-01    5.04344E-01
    6.69800E+02    8.47932E-01    4.28300E-01
    6.69900E+02    9.15067E-01    4.00490E-01
    6.70000E+02    6.94808E-01    4.99170E-01
    6.70100E+02    6.51957E-01    5.21025E-01
    6.70200E+02    6.35019E-01    5.29925E-01
    6.70300E+02    6.26508E-01    5.34455E-01
    6.70400E+02    6.21568E-01    5.37102E-01
    6.70500E+02    6.19184E-01    5.38384E-01
    6.70600E+02    6.17802E-01    5.39128E-01
    6.70700E+02    6.17246E-01    5.39428E-01
    6.70800E+02    6.17301E-01    5.39398E-01
    6.70900E+02    6.18234E-01    5.38895E-01
    6.71000E+02    6.19149E-01    5.38403E-01
    6.71100E+02    6.21292E-01    5.37250E-01
    6.71200E+02    6.24930E-01    5.35299E-01
    6.71300E+02    6.31330E-01    5.31884E-01
    6.71400E+02    6.43857E-01    5.25263E-01
    6.71500E+02    6.73720E-01    5.09808E-01
    6.71600E+02    7.82265E-01    4.57369E-01
    6.71700E+02    9.42016E-01    3.89841E-01
    6.71800E+02    8.17817E-01    4.41394E-01
    6.71900E+02    6.73204E-01    5.10072E-01
    6.72000E+02    6.44046E-01    5.25163E-01
    6.72100E+02    6.31349E-01    5.31874E-01
    6.72200E+02    6.25617E-01    5.34931E-01
    6.72300E+02    6.22716E-01    5.36485E-01
    6.72400E+02    6.21466E-01    5.37157E-01
    6.72500E+02    6.21868E-01    5.36941E-01
    6.72600E+02    6.24728E-01    5.35407E-01
    6.72700E+02    6.36872E-01    5.28944E-01
    6.72800E+02    7.46671E-01    4.73942E-01
    6.72900E+02    6.33950E-01    5.30492E-01
    6.73000E+02    6.23445E-01    5.36094E-01
    6.73100E+02    6.26672E-01    5.34367E-01
    6.73200E+02    6.19178E-01    5.38387E-01
    6.73300E+02    6.18302E-01    5.38859E-01
    6.73400E+02    6.18619E-01    5.38688E-01
    6.73500E+02    6.19844E-01    5.38028E-01
    6.73600E+02    6.22569E-01    5.36564E-01
    6.73700E+02    6.28910E-01    5.33173E-01
    6.73800E+02    6.48441E-01    5.22860E-01
    6.73900E+02    8.02114E-01    4.48380E-01
    6.74000E+02    6.62383E-01    5.15621E-01
    6.74100E+02    6.32407E-01    5.31311E-01
    6.74200E+02    6.24042E-01    5.35774E-01
    6.74300E+02    6.20608E-01    5.37617E-01
    6.74400E+02    6.18918E-01    5.38527E-01
    6.74500E+02    6.18065E-01    5.38987E-01
    6.74600E+02    6.17545E-01    5.39267E-01
    6.74700E+02    6.17229E-01    5.39437E-01
    6.74800E+02    6.17135E-01    5.39488E-01
    6.74900E+02    6.17307E-01    5.39395E-01
    6.75000E+02    6.17355E-01    5.39369E-01
    6.75100E+02    6.18786E-01    5.38598E-01
    6.75200E+02    6.17757E-01    5.39152E-01
    6.75300E+02    6.17907E-01    5.39072E-01
    6.75400E+02    6.18278E-01    5.38872E-01
    6.75500E+02    6.18843E-01    5.38567E-01
    6.75600E+02    6.19651E-01    5.38132E-01
    6.75700E+02    6.20941E-01    5.37438E-01
    6.75800E+02    6.23143E-01    5.36257E-01
    6.75900E+02    6.28428E-01    5.33430E-01
    6.76000E+02    6.49139E-01    5.22495E-01
    6.76100E+02    6.64797E-01    5.14378E-01
    6.76200E+02    6.31605E-01    5.31738E-01
    6.76300E+02    6.25240E-01    5.35133E-01
    6.76400E+02    6.23111E-01    5.36273E-01
    6.76500E+02    6.22333E-01    5.36691E-01
    6.76600E+02    6.22213E-01    5.36755E-01
    6.76700E+02    6.22620E-01    5.36537E-01
    6.76800E+02    6.23963E-01    5.35817E-01
    6.76900E+02    6.37268E-01    5.28735E-01
    6.77000E+02    6.28123E-01    5.33593E-01
    6.77100E+02    6.42191E-01    5.26138E-01
    6.77200E+02    6.37362E-01    5.28685E-01
    6.77300E+02    6.26660E-01    5.34374E-01
    6.77400E+02    6.24525E-01    5.35516E-01
    6.77500E+02    6.23849E-01    5.35878E-01
    6.77600E+02    6.23654E-01    5.35982E-01
    6.77700E+02    6.23690E-01    5.35963E-01
    6.77800E+02    6.23869E-01    5.35867E-01
    6.77900E+02    6.24187E-01    5.35697E-01
    6.78000E+02    6.24288E-01    5.35642E-01
    6.78100E+02    6.24578E-01    5.35487E-01
    6.78200E+02    6.24976E-01    5.35274E-01
    6.78300E+02    6.25692E-01    5.34891E-01
    6.78400E+02    6.30761E-01    5.32187E-01
    6.78500E+02    6.26549E-01    5.34433E-01
    6.78600E+02    6.26317E-01    5.34557E-01
    6.78700E+02    6.26597E-01    5.34407E-01
    6.78800E+02    6.27004E-01    5.34190E-01
    6.78900E+02    6.27611E-01    5.33866E-01
    6.79000E+02    6.29545E-01    5.32834E-01
    6.79100E+02    6.31597E-01    5.31742E-01
    6.79200E+02    6.28807E-01    5.33228E-01
    6.79300E+02    6.28690E-01    5.33290E-01
    6.79400E+02    6.28904E-01    5.33176E-01
    6.79500E+02    6.29217E-01    5.33009E-01
    6.79600E+02    6.29598E-01    5.32806E-01
    6.79700E+02    6.30144E-01    5.32515E-01
    6.79800E+02    6.31468E-01    5.31810E-01
    6.79900E+02    6.30732E-01    5.32202E-01
    6.80000E+02    6.31012E-01    5.32053E-01
    6.80100E+02    6.31379E-01    5.31858E-01
    6.80200E+02    6.31780E-01    5.31645E-01
    6.80300E+02    6.32304E-01    5.31366E-01
    6.80400E+02    6.32659E-01    5.31178E-01
    6.80500E+02    6.33000E-01    5.30996E-01
    6.80600E+02    6.33402E-01    5.30783E-01
    6.80700E+02    6.33821E-01    5.30561E-01
    6.80800E+02    6.34248E-01    5.30334E-01
    6.80900E+02    6.34683E-01    5.30104E-01
    6.81000E+02    6.35123E-01    5.29871E-01
    6.81100E+02    6.35575E-01    5.29631E-01
    6.81200E+02    6.36033E-01    5.29388E-01
    6.81300E+02    6.36499E-01    5.29142E-01
    6.81400E+02    6.36995E-01    5.28879E-01
    6.81500E+02    6.37516E-01    5.28604E-01
    6.81600E+02    6.38191E-01    5.28247E-01
    6.81700E+02    6.38526E-01    5.28070E-01
    6.81800E+02    6.39011E-01    5.27814E-01
    6.81900E+02    6.39852E-01    5.27370E-01
    6.82000E+02    6.40440E-01    5.27061E-01
    6.82100E+02    6.40759E-01    5.26892E-01
    6.82200E+02    6.41643E-01    5.26427E-01
    6.82300E+02    6.42312E-01    5.26075E-01
    6.82400E+02    6.42346E-01    5.26057E-01
    6.82500E+02    6.42860E-01    5.25787E-01
    6.82600E+02    6.43472E-01    5.25465E-01
    6.82700E+02    6.44155E-01    5.25106E-01
    6.82800E+02    6.44896E-01    5.24717E-01
    6.82900E+02    6.45740E-01    5.24275E-01
    6.83000E+02    6.46670E-01    5.23787E-01
    6.83100E+02    6.47905E-01    5.23141E-01
    6.83200E+02    6.49660E-01    5.22223E-01
    6.83300E+02    6.52065E-01    5.20969E-01
    6.83400E+02    6.56639E-01    5.18591E-01
    6.83500E+02    6.68265E-01    5.12597E-01
    6.83600E+02    7.27153E-01    4.83283E-01
    6.83700E+02    7.02563E-01    4.95314E-01
    6.83800E+02    6.68256E-01    5.12602E-01
    6.83900E+02    6.60628E-01    5.16527E-01
    6.84000E+02    6.59598E-01    5.17059E-01
    6.84100E+02    6.63257E-01    5.15171E-01
    6.84200E+02    6.86700E-01    5.03234E-01
    6.84300E+02    6.80373E-01    5.06428E-01
    6.84400E+02    6.61947E-01    5.15846E-01
    6.84500E+02    6.57913E-01    5.17931E-01
    6.84600E+02    6.56575E-01    5.18625E-01
    6.84700E+02    6.56150E-01    5.18845E-01
    6.84800E+02    6.56133E-01    5.18854E-01
    6.84900E+02    6.56309E-01    5.18762E-01
    6.85000E+02    6.56620E-01    5.18601E-01
    6.85100E+02    6.57004E-01    5.18402E-01
    6.85200E+02    6.57448E-01    5.18172E-01
    6.85300E+02    6.57947E-01    5.17914E-01
    6.85400E+02    6.58494E-01    5.17630E-01
    6.85500E+02    6.59154E-01    5.17289E-01
    6.85600E+02    6.60968E-01    5.16351E-01
    6.85700E+02    6.60486E-01    5.16600E-01
    6.85800E+02    6.61226E-01    5.16218E-01
    6.85900E+02    6.64397E-01    5.14584E-01
    6.86000E+02    6.62236E-01    5.15697E-01
    6.86100E+02    6.62648E-01    5.15484E-01
    6.86200E+02    6.63219E-01    5.15190E-01
    6.86300E+02    6.63790E-01    5.14896E-01
    6.86400E+02    6.64410E-01    5.14577E-01
    6.86500E+02    6.65120E-01    5.14212E-01
    6.86600E+02    6.66182E-01    5.13666E-01
    6.86700E+02    6.66782E-01    5.13358E-01
    6.86800E+02    6.67086E-01    5.13202E-01
    6.86900E+02    6.67702E-01    5.12886E-01
    6.87000E+02    6.68361E-01    5.12548E-01
    6.87100E+02    6.69055E-01    5.12192E-01
    6.87200E+02    6.69760E-01    5.11832E-01
    6.87300E+02    6.70515E-01    5.11445E-01
    6.87400E+02    6.71257E-01    5.11066E-01
    6.87500E+02    6.71928E-01    5.10723E-01
    6.87600E+02    6.72672E-01    5.10343E-01
    6.87700E+02    6.73623E-01    5.09858E-01
    6.87800E+02    6.74160E-01    5.09584E-01
    6.87900E+02    6.74916E-01    5.09199E-01
    6.88000E+02    6.75684E-01    5.08808E-01
    6.88100E+02    6.76472E-01    5.08407E-01
    6.88200E+02    6.77268E-01    5.08003E-01
    6.88300E+02    6.78081E-01    5.07590E-01
    6.88400E+02    6.78902E-01    5.07174E-01
    6.88500E+02    6.79736E-01    5.06751E-01
    6.88600E+02    6.80590E-01    5.06318E-01
    6.88700E+02    6.81450E-01    5.05883E-01
    6.88800E+02    6.82341E-01    5.05432E-01
    6.88900E+02    6.83295E-01    5.04951E-01
    6.89000E+02    6.84198E-01    5.04495E-01
    6.89100E+02    6.85128E-01    5.04026E-01
    6.89200E+02    6.86106E-01    5.03533E-01
    6.89300E+02    6.87278E-01    5.02943E-01
    6.89400E+02    6.88101E-01    5.02529E-01
    6.89500E+02    6.89126E-01    5.02014E-01
    6.89600E+02    6.90237E-01    5.01457E-01
    6.89700E+02    6.91608E-01    5.00770E-01
    6.89800E+02    6.92710E-01    5.00218E-01
    6.89900E+02    6.93607E-01    4.99770E-01
    6.90000E+02    6.94763E-01    4.99193E-01
    6.90100E+02    6.95985E-01    4.98583E-01
    6.90200E+02    6.97295E-01    4.97930E-01
    6.90300E+02    6.98683E-01    4.97240E-01
    6.90400E+02    7.00227E-01    4.96473E-01
    6.90500E+02    7.01758E-01    4.95713E-01
    6.90600E+02    7.03515E-01    4.94843E-01
    6.90700E+02    7.06056E-01    4.93587E-01
    6.90800E+02    7.09016E-01    4.92128E-01
    6.90900E+02    7.09335E-01    4.91971E-01
    6.91000E+02    7.11480E-01    4.90917E-01
    6.91100E+02    7.14824E-01    4.89278E-01
    6.91200E+02    7.18609E-01    4.87430E-01
    6.91300E+02    7.29545E-01    4.82129E-01
    6.91400E+02    7.38146E-01    4.78000E-01
    6.91500E+02    7.32632E-01    4.80642E-01
    6.91600E+02    7.34362E-01    4.79811E-01
    6.91700E+02    7.42061E-01    4.76131E-01
    6.91800E+02    7.37088E-01    4.78505E-01
    6.91900E+02    7.42228E-01    4.76052E-01
    6.92000E+02    7.56348E-01    4.69378E-01
    6.92100E+02    7.60376E-01    4.67491E-01
    6.92200E+02    7.87564E-01    4.54952E-01
    6.92300E+02    8.93802E-01    4.09097E-01
    6.92400E+02    1.04135E+00    3.52977E-01
    6.92500E+02    8.10594E-01    4.44594E-01
    6.92600E+02    7.69552E-01    4.63221E-01
    6.92700E+02    7.55212E-01    4.69911E-01
    6.92800E+02    7.49562E-01    4.72574E-01
    6.92900E+02    7.47922E-01    4.73349E-01
    6.93000E+02    7.49298E-01    4.72698E-01
    6.93100E+02    7.54293E-01    4.70343E-01
    6.93200E+02    7.65776E-01    4.64973E-01
    6.93300E+02    7.94817E-01    4.51664E-01
    6.93400E+02    9.01787E-01    4.05844E-01
    6.93500E+02    1.10771E+00    3.30314E-01
    6.93600E+02    8.25856E-01    4.37860E-01
    6.93700E+02    7.76334E-01    4.60090E-01
    6.93800E+02    7.58920E-01    4.68172E-01
    6.93900E+02    7.51225E-01    4.71788E-01
    6.94000E+02    7.47567E-01    4.73517E-01
    6.94100E+02    7.46057E-01    4.74233E-01
    6.94200E+02    7.46004E-01    4.74258E-01
    6.94300E+02    7.47323E-01    4.73633E-01
    6.94400E+02    7.50593E-01    4.72086E-01
    6.94500E+02    7.57601E-01    4.68790E-01
    6.94600E+02    7.75555E-01    4.60448E-01
    6.94700E+02    8.49948E-01    4.27437E-01
    6.94800E+02    9.02179E-01    4.05685E-01
    6.94900E+02    7.84830E-01    4.56197E-01
    6.95000E+02    7.62930E-01    4.66298E-01
    6.95100E+02    7.56458E-01    4.69326E-01
    6.95200E+02    7.52534E-01    4.71171E-01
    6.95300E+02    7.51755E-01    4.71538E-01
    6.95400E+02    7.51049E-01    4.71871E-01
    6.95500E+02    7.51206E-01    4.71797E-01
    6.95600E+02    7.52085E-01    4.71383E-01
    6.95700E+02    7.53667E-01    4.70637E-01
    6.95800E+02    7.56637E-01    4.69242E-01
    6.95900E+02    7.62653E-01    4.66427E-01
    6.96000E+02    7.78661E-01    4.59020E-01
    6.96100E+02    8.87274E-01    4.11777E-01
    6.96200E+02    7.75068E-01    4.60673E-01
    6.96300E+02    7.63871E-01    4.65860E-01
    6.96400E+02    7.61031E-01    4.67185E-01
    6.96500E+02    7.60366E-01    4.67495E-01
    6.96600E+02    7.60546E-01    4.67411E-01
    6.96700E+02    7.61191E-01    4.67110E-01
    6.96800E+02    7.62130E-01    4.66671E-01
    6.96900E+02    7.63511E-01    4.66027E-01
    6.97000E+02    7.65536E-01    4.65085E-01
    6.97100E+02    7.75001E-01    4.60703E-01
    6.97200E+02    7.67723E-01    4.64069E-01
    6.97300E+02    7.68303E-01    4.63799E-01
    6.97400E+02    7.70629E-01    4.62722E-01
    6.97500E+02    7.81813E-01    4.57576E-01
    6.97600E+02    7.72802E-01    4.61718E-01
    6.97700E+02    7.73733E-01    4.61288E-01
    6.97800E+02    7.73920E-01    4.61202E-01
    6.97900E+02    7.74969E-01    4.60718E-01
    6.98000E+02    7.76284E-01    4.60112E-01
    6.98100E+02    7.77847E-01    4.59394E-01
    6.98200E+02    7.79102E-01    4.58818E-01
    6.98300E+02    7.80666E-01    4.58101E-01
    6.98400E+02    7.82329E-01    4.57340E-01
    6.98500E+02    7.84200E-01    4.56485E-01
    6.98600E+02    7.86573E-01    4.55403E-01
    6.98700E+02    7.90229E-01    4.53741E-01
    6.98800E+02    7.94420E-01    4.51843E-01
    6.98900E+02    8.08730E-01    4.45423E-01
    6.99000E+02    8.53563E-01    4.25895E-01
    6.99100E+02    8.04248E-01    4.47424E-01
    6.99200E+02    7.98724E-01    4.49903E-01
    6.99300E+02    7.98216E-01    4.50131E-01
    6.99400E+02    7.98650E-01    4.49936E-01
    6.99500E+02    7.99826E-01    4.49407E-01
    6.99600E+02    8.01371E-01    4.48713E-01
    6.99700E+02    8.03104E-01    4.47937E-01
    6.99800E+02    8.05079E-01    4.47053E-01
    6.99900E+02    8.07290E-01    4.46065E-01
    7.00000E+02    8.09828E-01    4.44934E-01
    7.00100E+02    8.12710E-01    4.43654E-01
    7.00200E+02    8.16156E-01    4.42128E-01
    7.00300E+02    8.20682E-01    4.40131E-01
    7.00400E+02    8.27110E-01    4.37311E-01
    7.00500E+02    8.36329E-01    4.33298E-01
    7.00600E+02    8.54433E-01    4.25524E-01
    7.00700E+02    9.01362E-01    4.06016E-01
    7.00800E+02    1.07356E+00    3.41791E-01
    7.00900E+02    1.10316E+00    3.31821E-01
    7.01000E+02    9.06556E-01    4.03913E-01
    7.01100E+02    8.68552E-01    4.19559E-01
    7.01200E+02    8.60360E-01    4.23010E-01
    7.01300E+02    8.76242E-01    4.16344E-01
    7.01400E+02    9.02354E-01    4.05614E-01
    7.01500E+02    9.58385E-01    3.83512E-01
    7.01600E+02    8.63095E-01    4.21854E-01
    7.01700E+02    8.48324E-01    4.28132E-01
    7.01800E+02    8.44227E-01    4.29890E-01
    7.01900E+02    8.43037E-01    4.30401E-01
    7.02000E+02    8.43103E-01    4.30373E-01
    7.02100E+02    8.44203E-01    4.29900E-01
    7.02200E+02    8.44954E-01    4.29577E-01
    7.02300E+02    8.46235E-01    4.29027E-01
    7.02400E+02    8.47223E-01    4.28603E-01
    7.02500E+02    8.48699E-01    4.27971E-01
    7.02600E+02    8.50664E-01    4.27131E-01
    7.02700E+02    8.55011E-01    4.25279E-01
    7.02800E+02    8.54015E-01    4.25702E-01
    7.02900E+02    8.55696E-01    4.24987E-01
    7.03000E+02    8.57025E-01    4.24423E-01
    7.03100E+02    8.58544E-01    4.23779E-01
    7.03200E+02    8.60233E-01    4.23064E-01
    7.03300E+02    8.62073E-01    4.22286E-01
    7.03400E+02    8.63882E-01    4.21523E-01
    7.03500E+02    8.65672E-01    4.20769E-01
    7.03600E+02    8.67635E-01    4.19944E-01
    7.03700E+02    8.69675E-01    4.19088E-01
    7.03800E+02    8.71652E-01    4.18260E-01
    7.03900E+02    8.73661E-01    4.17421E-01
    7.04000E+02    8.75669E-01    4.16583E-01
    7.04100E+02    8.77797E-01    4.15698E-01
    7.04200E+02    8.79821E-01    4.14857E-01
    7.04300E+02    8.82053E-01    4.13932E-01
    7.04400E+02    8.84043E-01    4.13110E-01
    7.04500E+02    8.86161E-01    4.12235E-01
    7.04600E+02    8.88361E-01    4.11329E-01
    7.04700E+02    8.90573E-01    4.10420E-01
    7.04800E+02    8.92791E-01    4.09511E-01
    7.04900E+02    8.95021E-01    4.08599E-01
    7.05000E+02    8.97313E-01    4.07664E-01
    7.05100E+02    8.99693E-01    4.06695E-01
    7.05200E+02    9.01972E-01    4.05768E-01
    7.05300E+02    9.04330E-01    4.04813E-01
    7.05400E+02    9.06743E-01    4.03837E-01
    7.05500E+02    9.09347E-01    4.02787E-01
    7.05600E+02    9.11728E-01    4.01829E-01
    7.05700E+02    9.14220E-01    4.00829E-01
    7.05800E+02    9.16771E-01    3.99808E-01
    7.05900E+02    9.19395E-01    3.98760E-01
    7.06000E+02    9.22538E-01    3.97509E-01
    7.06100E+02    9.24331E-01    3.96797E-01
    7.06200E+02    9.26961E-01    3.95755E-01
    7.06300E+02    9.29660E-01    3.94688E-01
    7.06400E+02    9.32074E-01    3.93736E-01
    7.06500E+02    9.34742E-01    3.92687E-01
    7.06600E+02    9.37695E-01    3.91529E-01
    7.06700E+02    9.40390E-01    3.90475E-01
    7.06800E+02    9.43283E-01    3.89347E-01
    7.06900E+02    9.46081E-01    3.88260E-01
    7.07000E+02    9.48839E-01    3.87190E-01
    7.07100E+02    9.52313E-01    3.85848E-01
    7.07200E+02    9.54852E-01    3.84869E-01
    7.07300E+02    9.58291E-01    3.83548E-01
    7.07400E+02    9.60717E-01    3.82618E-01
    7.07500E+02    9.64022E-01    3.81356E-01
    7.07600E+02    9.67161E-01    3.80161E-01
    7.07700E+02    9.70682E-01    3.78825E-01
    7.07800E+02    9.74698E-01    3.77306E-01
    7.07900E+02    9.79667E-01    3.75436E-01
    7.08000E+02    9.87979E-01    3.72328E-01
    7.08100E+02    1.01730E+00    3.61571E-01
    7.08200E+02    1.01396E+00    3.62780E-01
    7.08300E+02    9.97316E-01    3.68868E-01
    7.08400E+02    9.97056E-01    3.68964E-01
    7.08500E+02    9.98074E-01    3.68589E-01
    7.08600E+02    1.00137E+00    3.67376E-01
    7.08700E+02    1.00418E+00    3.66343E-01
    7.08800E+02    1.00725E+00    3.65221E-01
    7.08900E+02    1.01083E+00    3.63917E-01
    7.09000E+02    1.01463E+00    3.62537E-01
    7.09100E+02    1.01865E+00    3.61080E-01
    7.09200E+02    1.02303E+00    3.59505E-01
    7.09300E+02    1.02794E+00    3.57744E-01
    7.09400E+02    1.03408E+00    3.55553E-01
    7.09500E+02    1.04394E+00    3.52065E-01
    7.09600E+02    1.07774E+00    3.40364E-01
    7.09700E+02    1.06882E+00    3.43415E-01
    7.09800E+02    1.05484E+00    3.48247E-01
    7.09900E+02    1.05484E+00    3.48249E-01
    7.10000E+02    1.05764E+00    3.47274E-01
    7.10100E+02    1.06148E+00    3.45942E-01
    7.10200E+02    1.06582E+00    3.44444E-01
    7.10300E+02    1.07047E+00    3.42848E-01
    7.10400E+02    1.07541E+00    3.41157E-01
    7.10500E+02    1.08060E+00    3.39390E-01
    7.10600E+02    1.08595E+00    3.37581E-01
    7.10700E+02    1.09161E+00    3.35677E-01
    7.10800E+02    1.09752E+00    3.33699E-01
    7.10900E+02    1.10372E+00    3.31634E-01
    7.11000E+02    1.11142E+00    3.29092E-01
    7.11100E+02    1.11732E+00    3.27157E-01
    7.11200E+02    1.12524E+00    3.24576E-01
    7.11300E+02    1.13533E+00    3.21317E-01
    7.11400E+02    1.15368E+00    3.15472E-01
    7.11500E+02    1.26529E+00    2.82157E-01
    7.11600E+02    1.16700E+00    3.11299E-01
    7.11700E+02    1.16564E+00    3.11722E-01
    7.11800E+02    1.17165E+00    3.09856E-01
    7.11900E+02    1.17905E+00    3.07571E-01
    7.12000E+02    1.18792E+00    3.04854E-01
    7.12100E+02    1.19764E+00    3.01905E-01
    7.12200E+02    1.20817E+00    2.98743E-01
    7.12300E+02    1.21951E+00    2.95375E-01
    7.12400E+02    1.23167E+00    2.91806E-01
    7.12500E+02    1.24478E+00    2.88003E-01
    7.12600E+02    1.25881E+00    2.83991E-01
    7.12700E+02    1.27403E+00    2.79703E-01
    7.12800E+02    1.29067E+00    2.75087E-01
    7.12900E+02    1.30908E+00    2.70067E-01
    7.13000E+02    1.32811E+00    2.64977E-01
    7.13100E+02    1.34967E+00    2.59326E-01
    7.13200E+02    1.37365E+00    2.53181E-01
    7.13300E+02    1.40013E+00    2.46564E-01
    7.13400E+02    1.42971E+00    2.39378E-01
    7.13500E+02    1.46162E+00    2.31859E-01
    7.13600E+02    1.49838E+00    2.23491E-01
    7.13700E+02    1.54014E+00    2.14351E-01
    7.13800E+02    1.58779E+00    2.04377E-01
    7.13900E+02    1.64253E+00    1.93489E-01
    7.14000E+02    1.70585E+00    1.81618E-01
    7.14100E+02    1.77977E+00    1.68676E-01
    7.14200E+02    1.86693E+00    1.54598E-01
    7.14300E+02    1.97238E+00    1.39125E-01
    7.14400E+02    2.09487E+00    1.23086E-01
    7.14500E+02    2.24198E+00    1.06248E-01
    7.14600E+02    2.42417E+00    8.85518E-02
    7.14700E+02    2.65113E+00    7.05712E-02
    7.14800E+02    2.93799E+00    5.29721E-02
    7.14900E+02    3.30884E+00    3.65586E-02
